00 00 00 E3
00 00 00 00

08 00 01 E1 D1 A0 97
0B 00 02 00 00 00 13 67 65 74 5F 70 65 65 72 5F 6E 6F 64 65 73 5F 72 65 73 70
0B 00 03 00 00 00 31 44 68 7A 61 32 43 4C 52 55 47 6D 65 54 48 4B 46 6B 56 71 47 33 61 56 54 68 59 38 72 64 36 53 74 50 45 64 31 53 50 64 74 45 42 4B 68 70 53 42 52 34
7F

0F 00 01 0C 00 00 00 01
    0B 00 01 00 00 00 2B 32 67 66 70 70 33 4D 41 42 34 42 38 58 41 38 66 65 56 56 77 4B 51 50 31 78 48 59 75 53 6A 72 61 34 42 59 42 38 73 33 45 58 74 31
    08 00 02 00 00 00 00
    08 00 03 00 00 00 00
    08 00 04 00 00 00 00
    0C 00 05
        0B 00 01 00 00 00 09 31 32 37 2E 30 2E 30 2E 31
        06 00 02 52 73
        7F
    0F 00 06 0B 00 00 00 01
        00 00 00 0B 61 69 5F 74 72 61 69 6E 69 6E 67
    7F
7F